0 1 7 15
0 1 8 55
0 1 6 168
0 1 3 221
0 1 7 301
6 1 9 357
0 1 9 397
0 1 3 421
0 1 7 426
0 1 5 461
0 1 5 494
0 1 1 688
0 1 4 817
0 1 9 827
0 1 9 894
7 -1 3 914
0 1 4 914
4 1 6 1053
0 1 1 1104
2 -1 0 1129
0 1 6 1179
0 1 3 1198
7 1 8 1247
0 1 2 1328
0 1 3 1363
0 1 9 1365
0 1 2 1398
6 1 7 1469
0 1 6 1510
0 1 5 1538
8 -1 3 1578
0 1 4 1701
0 1 3 1788
4 1 5 1792
0 1 6 1814
6 1 9 1816
0 1 2 2054
0 1 6 2143
0 1 5 2245
0 1 7 2284
0 1 9 2290
0 1 9 2326
0 1 4 2486
9 -1 5 2498
0 1 2 2612
0 1 3 2670
3 1 9 2684
0 1 1 2887
0 1 7 2912
3 1 6 2921
0 1 5 2961
6 -1 5 2994
0 1 6 3032
0 1 2 3037
0 1 6 3065
0 1 4 3201
1 -1 0 3363
0 1 3 3377
0 1 9 3388
6 -1 4 3550
8 -1 7 3610
0 1 1 3623
0 1 7 3652
0 1 7 3701
0 1 8 3702
0 1 2 3724
7 -1 1 3733
0 1 2 3737
0 1 9 3737
4 1 9 3803
4 -1 1 3804
0 1 5 3813
0 1 4 4003
4 1 6 4055
0 1 6 4102
0 1 2 4140
0 1 7 4178
0 1 6 4188
0 1 5 4200
9 -1 0 4206
9 -1 8 4310
0 1 4 4323
0 1 4 4460
4 -1 3 4470
0 1 4 4479
0 1 8 4520
0 1 1 4528
2 -1 0 4549
0 1 3 4562
0 1 8 4635
0 1 8 4657
0 1 7 4662
0 1 5 4665
3 1 7 4667
6 1 7 4701
0 1 2 4702
0 1 7 4853
0 1 8 4880
0 1 9 4939
0 1 7 4946
0 1 8 4964
0 1 7 4981
5 1 8 4984
0 1 2 5005
0 1 9 5009
0 1 1 5042
4 -1 0 5090
0 1 1 5105
0 1 2 5138
3 -1 2 5155
0 1 5 5163
0 1 3 5166
0 1 6 5223
0 1 2 5305
0 1 8 5313
0 1 9 5332
5 -1 0 5368
9 -1 1 5377
0 1 4 5410
2 -1 1 5503
0 1 6 5539
0 1 6 5559
0 1 6 5559
0 1 1 5570
0 1 4 5580
0 1 1 5658
0 1 9 5665
0 1 4 5669
2 -1 0 5688
9 -1 4 5695
0 1 1 5739
0 1 5 5775
5 -1 3 5780
0 1 1 5793
0 1 7 5818
0 1 1 5820
0 1 7 5827
0 1 4 5835
0 1 3 5918
4 1 8 6014
0 1 5 6087
4 1 5 6096
0 1 4 6106
0 1 3 6114
6 -1 2 6147
8 -1 7 6187
0 1 8 6270
0 1 8 6271
8 -1 0 6291
5 1 8 6350
0 1 4 6367
0 1 5 6386
2 1 8 6456
0 1 9 6540
0 1 6 6555
9 -1 5 6565
0 1 4 6646
0 1 9 6698
0 1 2 6732
0 1 1 6732
8 1 9 6740
0 1 6 6821
0 1 4 6833
4 1 9 6902
0 1 5 6951
0 1 3 6979
5 -1 0 7018
0 1 9 7138
0 1 3 7152
8 -1 7 7168
8 -1 7 7288
0 1 1 7315
0 1 7 7339
0 1 7 7453
0 1 8 7460
0 1 2 7545
7 -1 1 7598
0 1 2 7638
0 1 9 7644
4 1 9 7658
4 -1 1 7680
0 1 5 7759
0 1 4 7811
4 1 6 7813
0 1 6 7826
0 1 2 7863
0 1 7 7919
0 1 6 7966
0 1 5 7976
9 -1 0 8045
9 -1 8 8131
0 1 4 8425
0 1 4 8450
4 -1 3 8487
0 1 4 8611
0 1 8 8625
0 1 1 8810
2 -1 0 8841
0 1 3 8857
0 1 8 8912
0 1 8 8936
0 1 7 9003
0 1 5 9115
3 1 7 9119
6 1 7 9138
0 1 2 9163
0 1 7 9172
0 1 8 9212
0 1 9 9222
0 1 7 9229
0 1 8 9250
0 1 7 9257
5 1 8 9282
0 1 2 9375
0 1 9 9382
0 1 1 9404
4 -1 0 9556
0 1 1 9593
0 1 2 9658
3 -1 2 9698
0 1 5 9758
0 1 3 9767
0 1 6 9841
0 1 2 9850
0 1 8 9882
0 1 9 9931
5 -1 0 10093
9 -1 1 10251
0 1 4 10290
2 -1 1 10309
0 1 6 10380
0 1 6 10405
0 1 6 10427
0 1 1 10439
0 1 4 10453
0 1 1 10571
0 1 9 10579
0 1 4 10626
2 -1 0 10714
9 -1 4 10797
8 -1 7 10914
0 1 1 10999
0 1 7 11164
0 1 7 11171
0 1 8 11401
0 1 2 11611
7 -1 1 11752
0 1 2 11780
0 1 9 11837
4 1 9 11838
4 -1 1 11860
0 1 5 12099
0 1 4 12485
4 1 6 12515
0 1 6 12575
0 1 2 12576
0 1 7 12755
0 1 6 12808
0 1 5 12813
9 -1 0 13080
9 -1 8 13273
0 1 4 13565
0 1 4 13568
4 -1 3 13619
0 1 4 13629
0 1 8 13956
0 1 1 14034
2 -1 0 14171
0 1 3 14227
0 1 8 14241
8 -1 7 14430
0 1 1 14483
0 1 7 14647
0 1 7 14665
0 1 8 15042
0 1 2 15236
7 -1 1 15496
0 1 2 15512
0 1 9 15616
4 1 9 15955
4 -1 1 16049
0 1 5 16276
0 1 4 16402
4 1 6 16748
0 1 6 16973
0 1 2 16995
0 1 7 17314
0 1 6 17451
0 1 5 17773
9 -1 0 17976
8 -1 7 18031
0 1 1 18044
0 1 7 18078
0 1 7 18100
0 1 8 18171
0 1 2 18174
7 -1 1 18192
0 1 2 18206
0 1 9 18214
4 1 9 18230
4 -1 1 18300
0 1 5 18351
0 1 4 18371
4 1 6 18395
0 1 6 18395
0 1 2 18408
0 1 7 18615
0 1 6 18638
0 1 5 18720
9 -1 0 18720
9 -1 8 18732
0 1 4 18760
0 1 4 18769
4 -1 3 18838
0 1 4 18858
0 1 8 18861
0 1 1 18886
2 -1 0 18915
0 1 3 18947
0 1 8 18955
0 1 8 18961
0 1 7 19017
0 1 5 19189
3 1 7 19236
6 1 7 19265
0 1 2 19266
0 1 7 19293
0 1 8 19354
0 1 9 19358
0 1 7 19419
0 1 8 19423
0 1 7 19430
5 1 8 19467
0 1 2 19500
0 1 9 19517
0 1 1 19535
4 -1 0 19539
0 1 1 19676
0 1 2 19680
3 -1 2 19712
0 1 5 19719
0 1 3 19719
0 1 6 19782
0 1 2 19791
0 1 8 19798
0 1 9 19810
5 -1 0 19812
9 -1 1 19822
0 1 4 19831
2 -1 1 19841
0 1 6 19867
0 1 6 19887
0 1 6 19892
0 1 1 19944
0 1 4 19952
0 1 1 19959
0 1 9 19967
0 1 4 20002
2 -1 0 20018
9 -1 4 20022
0 1 1 20027
0 1 5 20115
5 -1 3 20312
0 1 1 20326
0 1 7 20361
0 1 1 20377
0 1 7 20401
0 1 4 20430
0 1 3 20540
4 1 8 20559
0 1 5 20566
4 1 5 20587
0 1 4 20621
0 1 3 20664
6 -1 2 20749
8 -1 7 20757
0 1 8 20772
0 1 8 20798
8 -1 0 20836
5 1 8 20836
0 1 4 20933
0 1 5 21003
2 1 8 21004
0 1 9 21010
0 1 6 21098
9 -1 5 21158
0 1 4 21244
0 1 9 21280
0 1 2 21291
0 1 1 21355
8 1 9 21362
0 1 6 21383
0 1 4 21391
4 1 9 21396
0 1 5 21429
0 1 3 21430
5 -1 0 21457
0 1 9 21559
0 1 3 21579
8 -1 7 21591
8 -1 7 21604
0 1 1 21606
0 1 7 21684
0 1 7 21692
0 1 8 21716
0 1 2 21726
7 -1 1 21730
0 1 2 21803
0 1 9 21838
4 1 9 21842
4 -1 1 21869
0 1 5 21874
0 1 4 21879
4 1 6 21916
0 1 6 21925
0 1 2 21943
0 1 7 21945
0 1 6 21974
0 1 5 22000
9 -1 0 22053
9 -1 8 22135
0 1 4 22143
0 1 4 22238
4 -1 3 22246
0 1 4 22271
0 1 8 22275
0 1 1 22309
2 -1 0 22324
0 1 3 22338
0 1 8 22347
0 1 8 22359
0 1 7 22379
0 1 5 22382
3 1 7 22398
6 1 7 22428
0 1 2 22438
0 1 7 22446
0 1 8 22458
0 1 9 22468
0 1 7 22483
0 1 8 22556
0 1 7 22592
5 1 8 22658
0 1 2 22691
0 1 9 22704
0 1 1 22752
4 -1 0 22772
0 1 1 22824
0 1 2 22830
3 -1 2 22852
0 1 5 22873
0 1 3 22891
0 1 6 22901
0 1 2 22978
0 1 8 23022
0 1 9 23041
5 -1 0 23043
9 -1 1 23058
0 1 4 23104
2 -1 1 23173
0 1 6 23188
0 1 6 23261
0 1 6 23264
0 1 1 23281
0 1 4 23305
0 1 1 23353
0 1 9 23364
0 1 4 23365
2 -1 0 23368
9 -1 4 23385
0 1 1 23450
0 1 5 23472
5 -1 3 23501
0 1 1 23524
0 1 7 23562
0 1 1 23575
0 1 7 23612
0 1 4 23665
0 1 3 23684
4 1 8 23712
0 1 5 23748
4 1 5 23756
0 1 4 23819
0 1 3 23831
6 -1 2 23848
8 -1 7 23863
0 1 8 23882
0 1 8 23953
8 -1 0 23966
5 1 8 24011
0 1 4 24013
0 1 5 24021
2 1 8 24026
0 1 9 24056
0 1 6 24059
9 -1 5 24085
0 1 4 24124
0 1 9 24127
0 1 2 24155
0 1 1 24201
8 1 9 24214
0 1 6 24215
0 1 4 24241
4 1 9 24251
0 1 5 24255
0 1 3 24340
5 -1 0 24350
0 1 9 24370
0 1 3 24429
8 -1 7 24440
1 1 7 24445
0 1 9 24496
1 1 9 24504
0 1 3 24516
0 1 2 24521
7 -1 5 24554
3 1 9 24604
8 -1 7 24663
0 1 3 24695
8 -1 0 24757
3 1 4 24796
6 -1 0 24799
9 -1 6 24807
7 -1 0 24859
0 1 9 24924
0 1 7 24930
7 -1 0 24952
0 1 9 24979
3 -1 0 24993
0 1 1 25020
7 -1 3 25033
1 1 2 25058
3 -1 0 25068
9 -1 0 25077
1 1 8 25079
8 -1 0 25109
6 -1 0 25113
0 1 5 25121
0 1 1 25156
4 1 9 25158
8 -1 7 25339
0 1 1 25536
0 1 7 25541
0 1 7 25678
0 1 8 25849
0 1 2 26299
7 -1 1 26438
0 1 2 26589
0 1 9 26724
4 1 9 26751
4 -1 1 26824
0 1 5 26831
0 1 4 26998
4 1 6 27061
0 1 6 27086
0 1 2 27098
0 1 7 27128
0 1 6 27399
0 1 5 27523
9 -1 0 27543
9 -1 8 27746
0 1 4 28033
0 1 4 28120
4 -1 3 28209
0 1 4 28260
0 1 8 28292
0 1 1 28450
2 -1 0 28498
0 1 3 28649
0 1 8 28782
8 -1 7 28985
0 1 1 29360
0 1 7 29495
0 1 7 29757
0 1 8 30108
0 1 2 30121
7 -1 1 30170
0 1 2 30467
0 1 9 30598
4 1 9 30604
4 -1 1 30617
0 1 5 30627
0 1 4 30899
4 1 6 30998
0 1 6 31012
0 1 2 31045
0 1 7 31511
0 1 6 31715
0 1 5 32044
9 -1 0 32262
8 -1 7 32404
0 1 1 32425
0 1 7 32495
0 1 7 32544
0 1 8 32553
0 1 2 32555
7 -1 1 32578
0 1 2 32669
0 1 9 32689
4 1 9 32818
4 -1 1 32870
0 1 5 32989
0 1 4 33077
4 1 6 33084
0 1 6 33109
0 1 2 33165
0 1 7 33173
0 1 6 33305
0 1 5 33307
9 -1 0 33370
9 -1 8 33551
0 1 4 33566
0 1 4 33860
4 -1 3 33880
0 1 4 33938
0 1 8 34034
0 1 1 34120
2 -1 0 34189
0 1 3 34201
0 1 8 34282
0 1 8 34399
0 1 7 34400
0 1 5 34449
3 1 7 34450
6 1 7 34551
0 1 2 34607
0 1 7 34641
0 1 8 34641
0 1 9 34658
0 1 7 34839
0 1 8 34924
0 1 7 34951
5 1 8 35011
0 1 2 35038
0 1 9 35045
0 1 1 35118
4 -1 0 35199
0 1 1 35209
0 1 2 35331
3 -1 2 35385
0 1 5 35440
0 1 3 35588
0 1 6 35626
0 1 2 35687
0 1 8 35694
0 1 9 35805
5 -1 0 35886
9 -1 1 35932
0 1 4 35933
2 -1 1 35942
8 -1 7 36032
0 1 1 36046
0 1 7 36073
0 1 7 36080
0 1 8 36089
0 1 2 36126
7 -1 1 36175
0 1 2 36217
0 1 9 36247
4 1 9 36266
4 -1 1 36279
0 1 5 36283
0 1 4 36457
4 1 6 36458
0 1 6 36462
0 1 2 36490
0 1 7 36498
0 1 6 36511
0 1 5 36584
9 -1 0 36597
9 -1 8 36599
0 1 4 36601
0 1 4 36651
4 -1 3 36708
0 1 4 36749
0 1 8 36951
0 1 1 37085
2 -1 0 37131
0 1 3 37246
0 1 8 37250
0 1 8 37270
0 1 7 37317
0 1 5 37328
3 1 7 37348
6 1 7 37402
0 1 2 37575
0 1 7 37627
0 1 8 37664
0 1 9 37715
0 1 7 37780
0 1 8 37893
0 1 7 37919
5 1 8 37932
0 1 2 37944
0 1 9 37992
0 1 1 38047
4 -1 0 38068
0 1 1 38079
0 1 2 38124
3 -1 2 38178
0 1 5 38191
0 1 3 38210
0 1 6 38222
0 1 2 38281
0 1 8 38295
0 1 9 38296
5 -1 0 38303
9 -1 1 38315
0 1 4 38327
2 -1 1 38420
0 1 6 38484
0 1 6 38566
0 1 6 38615
0 1 1 38685
0 1 4 38690
0 1 1 38733
0 1 9 38746
0 1 4 38807
2 -1 0 38883
9 -1 4 38924
0 1 1 39038
0 1 5 39077
5 -1 3 39168
0 1 1 39231
0 1 7 39258
0 1 1 39325
0 1 7 39397
0 1 4 39472
0 1 3 39538
4 1 8 39577
8 -1 7 39722
0 1 1 39766
0 1 7 39780
0 1 7 39881
0 1 8 39930
0 1 2 39949
7 -1 1 39953
0 1 2 39974
0 1 9 40108
4 1 9 40153
4 -1 1 40189
0 1 5 40267
0 1 4 40504
4 1 6 40549
0 1 6 40551
0 1 2 40567
0 1 7 40596
0 1 6 40609
0 1 5 40712
9 -1 0 40860
9 -1 8 41014
0 1 4 41092
0 1 4 41120
4 -1 3 41193
0 1 4 41209
0 1 8 41238
0 1 1 41313
2 -1 0 41322
0 1 3 41425
0 1 8 41468
0 1 8 41483
0 1 7 41650
0 1 5 41674
3 1 7 41712
6 1 7 41761
0 1 2 41774
0 1 7 41797
0 1 8 41864
0 1 9 41925
0 1 7 41954
0 1 8 42055
0 1 7 42131
5 1 8 42421
0 1 2 42422
0 1 9 42443
0 1 1 42516
4 -1 0 42550
0 1 1 42557
0 1 2 42578
3 -1 2 42651
0 1 5 42666
0 1 3 42841
0 1 6 42862
0 1 2 42893
0 1 8 42933
0 1 9 42961
5 -1 0 42971
9 -1 1 42997
0 1 4 43027
2 -1 1 43114
8 -1 7 43266
0 1 1 43312
0 1 7 43445
0 1 7 43541
0 1 8 43706
0 1 2 43729
7 -1 1 43804
0 1 2 43849
0 1 9 43964
4 1 9 43981
4 -1 1 43983
0 1 5 44018
0 1 4 44140
4 1 6 44141
0 1 6 44189
0 1 2 44261
0 1 7 44262
0 1 6 44296
0 1 5 44336
9 -1 0 44374
9 -1 8 44386
0 1 4 44411
0 1 4 44483
4 -1 3 44527
0 1 4 44771
0 1 8 44909
0 1 1 44951
2 -1 0 44980
0 1 3 45122
0 1 8 45142
0 1 8 45299
0 1 7 45349
0 1 5 45361
3 1 7 45370
6 1 7 45490
0 1 2 45599
0 1 7 45753
0 1 8 45826
0 1 9 45883
0 1 7 45941
0 1 8 45989
0 1 7 46017
5 1 8 46077
0 1 2 46091
0 1 9 46122
0 1 1 46130
4 -1 0 46133
0 1 1 46138
0 1 2 46235
3 -1 2 46261
0 1 5 46349
0 1 3 46399
0 1 6 46422
0 1 2 46537
0 1 8 46555
0 1 9 46712
5 -1 0 46741
9 -1 1 46749
0 1 4 46757
2 -1 1 46763
8 -1 7 47294
0 1 1 47348
0 1 7 47483
0 1 7 47708
0 1 8 47710
0 1 2 47721
7 -1 1 47794
0 1 2 47835
0 1 9 48141
4 1 9 48164
4 -1 1 48279
0 1 5 48359
0 1 4 48414
4 1 6 49331
0 1 6 49333
0 1 2 49464
0 1 7 49551
0 1 6 49568
0 1 5 49645
9 -1 0 50036
8 -1 7 51016
0 1 1 51480
0 1 7 51757
0 1 7 52948
0 1 8 53491
