0 1 5 31
0 1 9 47
0 1 5 189
5 1 8 199
0 1 4 223
0 1 3 268
0 1 2 287
0 1 5 411
0 1 9 515
0 1 7 568
6 -1 2 595
8 -1 2 598
0 1 6 611
0 1 5 614
0 1 3 621
0 1 3 657
0 1 2 674
0 1 1 1112
0 1 2 1121
2 1 7 1230
0 1 6 1257
0 1 5 1324
0 1 2 1340
2 -1 1 1449
6 -1 0 1516
0 1 7 1648
2 -1 0 1735
0 1 7 1798
0 1 4 1829
0 1 2 1867
0 1 1 1893
0 1 3 1922
8 -1 4 1979
0 1 7 2257
0 1 8 2449
8 1 9 2474
9 -1 2 2493
0 1 1 2591
0 1 2 2651
0 1 2 2681
0 1 2 2755
0 1 1 2790
0 1 9 2795
0 1 3 2822
0 1 4 2823
0 1 8 2894
0 1 1 2902
0 1 6 2985
0 1 6 2999
0 1 8 3045
0 1 8 3046
0 1 6 3078
0 1 6 3082
0 1 2 3162
8 1 9 3530
0 1 4 3540
0 1 8 3617
0 1 2 3622
0 1 3 3648
0 1 8 3649
0 1 4 3711
0 1 5 3732
0 1 6 3777
0 1 9 3778
0 1 8 3869
0 1 2 3890
0 1 1 3923
0 1 1 3924
0 1 6 3930
0 1 1 3953
0 1 4 3979
0 1 2 4056
0 1 6 4067
7 -1 1 4089
0 1 7 4124
0 1 9 4125
0 1 3 4143
0 1 6 4155
3 -1 2 4182
8 1 9 4218
0 1 7 4226
0 1 2 4240
4 -1 3 4297
0 1 4 4313
0 1 3 4346
0 1 2 4377
0 1 5 4382
0 1 4 4383
2 1 3 4390
3 1 9 4401
0 1 4 4408
6 -1 1 4434
1 1 6 4468
0 1 1 4486
0 1 7 4520
0 1 3 4530
0 1 6 4532
0 1 8 4614
0 1 8 4707
0 1 2 4730
0 1 6 4821
0 1 7 4830
0 1 9 4834
0 1 6 4867
0 1 6 4907
0 1 3 4912
0 1 1 4963
8 -1 7 4964
0 1 2 5001
0 1 7 5025
0 1 6 5038
0 1 8 5046
0 1 1 5079
0 1 8 5082
3 1 7 5105
0 1 7 5144
0 1 4 5148
0 1 3 5160
0 1 1 5173
2 1 4 5181
0 1 3 5183
0 1 6 5211
0 1 1 5275
0 1 4 5302
0 1 5 5345
0 1 8 5374
0 1 8 5375
0 1 4 5397
0 1 6 5516
0 1 5 5533
7 -1 4 5536
0 1 2 5544
0 1 6 5603
0 1 6 5626
7 -1 6 5652
0 1 5 5660
0 1 7 5740
0 1 5 5760
0 1 7 5772
9 -1 1 5778
0 1 1 5796
2 -1 0 5802
0 1 4 5830
0 1 1 5847
8 -1 5 5852
5 1 8 5920
0 1 4 5941
0 1 4 5945
0 1 3 5961
0 1 6 6031
0 1 4 6163
0 1 4 6203
1 1 6 6245
1 1 2 6299
0 1 8 6300
0 1 7 6327
2 1 7 6330
0 1 6 6367
0 1 8 6395
1 -1 0 6408
1 -1 0 6416
8 -1 5 6421
2 1 6 6445
0 1 6 6448
0 1 4 6464
1 1 8 6468
9 -1 2 6511
0 1 1 6521
0 1 8 6541
0 1 1 6544
0 1 4 6655
0 1 8 6686
0 1 9 6692
0 1 5 6733
0 1 1 6800
0 1 6 6859
0 1 4 6895
9 -1 0 6900
0 1 7 6901
0 1 2 6919
0 1 9 6946
0 1 8 6948
0 1 6 6961
3 -1 1 7040
0 1 8 7065
0 1 5 7090
3 -1 0 7103
0 1 4 7119
0 1 8 7193
5 -1 2 7252
0 1 2 7462
0 1 1 7475
0 1 6 7575
7 -1 4 7606
0 1 7 7622
0 1 8 7676
0 1 3 7740
1 1 9 7815
7 -1 0 7912
3 1 4 8058
0 1 2 8069
0 1 1 8093
0 1 4 8153
0 1 6 8164
0 1 3 8255
0 1 1 8270
8 -1 7 8277
0 1 5 8340
8 -1 0 8385
0 1 7 8438
3 1 7 8515
0 1 8 8587
7 -1 4 8606
0 1 6 8624
3 -1 2 8688
8 -1 1 8715
5 -1 0 8775
0 1 6 8827
4 1 5 8855
0 1 1 8914
9 -1 1 8962
0 1 9 9012
0 1 3 9072
0 1 8 9144
0 1 1 9151
6 1 9 9198
0 1 9 9223
0 1 8 9293
0 1 8 9342
0 1 1 9418
4 -1 0 9464
7 1 8 9517
2 -1 0 9579
2 1 4 9750
5 -1 4 9812
7 -1 5 9858
0 1 2 9893
0 1 8 9916
7 -1 2 9995
3 1 8 10019
7 -1 5 10108
5 1 6 10117
0 1 7 10233
0 1 9 10265
0 1 8 10286
3 1 7 10358
0 1 9 10366
8 -1 0 10467
0 1 5 10494
3 1 6 10634
0 1 1 10695
0 1 9 10721
0 1 7 10807
0 1 6 10911
8 -1 0 11041
8 -1 6 11067
5 1 7 11227
2 -1 0 11285
8 -1 0 11672
9 -1 0 11739
7 -1 4 11802
8 -1 6 11939
3 -1 0 12045
0 1 9 12090
6 -1 3 12192
7 -1 0 12249
6 -1 0 12427
6 1 8 12444
6 1 8 12519
0 1 6 12526
2 1 4 12615
0 1 2 12930
0 1 5 13041
3 -1 0 13191
0 1 4 13192
0 1 8 13288
3 1 7 13591
9 -1 1 13884
4 -1 0 13984
3 -1 0 14065
3 -1 0 14241
1 1 7 14391
0 1 9 14394
7 -1 0 14430
2 -1 0 14712
1 1 4 14851
2 1 9 14900
0 1 6 14945
3 1 8 15010
7 1 8 15289
0 1 7 15391
0 1 5 15753
8 1 9 16120
2 -1 0 16191
8 -1 0 16232
3 1 8 16236
0 1 3 16280
1 1 4 16341
2 1 7 16933
2 1 5 16964
6 -1 0 17106
2 -1 0 17271
7 -1 0 17388
7 1 8 17404
4 1 9 17507
0 1 1 17718
8 -1 5 17882
0 1 3 17898
0 1 9 18023
0 1 5 18105
1 1 5 18139
6 -1 0 18205
3 1 5 18211
3 1 7 18213
2 -1 0 18280
9 -1 0 18304
8 -1 6 18311
0 1 2 18324
0 1 8 18400
2 1 5 18405
0 1 5 18428
5 -1 0 18487
4 -1 1 18530
5 1 7 18569
0 1 8 18582
5 1 7 18603
5 -1 3 18659
0 1 6 18670
0 1 3 18679
0 1 6 18703
0 1 8 18713
0 1 2 18740
3 1 5 18743
4 1 8 18764
8 -1 0 18783
3 -1 2 18836
8 -1 0 18838
0 1 5 18868
5 -1 3 18936
8 -1 0 18993
7 -1 5 19004
0 1 2 19059
2 1 8 19075
2 1 9 19115
5 -1 0 19150
0 1 2 19210
3 -1 0 19289
5 -1 0 19321
0 1 6 19332
5 -1 0 19381
3 1 5 19440
0 1 6 19491
9 -1 7 19570
6 -1 0 19635
0 1 1 19639
2 -1 0 19726
0 1 3 19740
5 1 7 19777
5 -1 0 19962
0 1 2 19963
2 1 9 19995
0 1 8 20018
1 1 8 20025
6 1 7 20053
6 -1 0 20060
0 1 4 20070
0 1 5 20083
4 -1 3 20085
3 1 8 20144
0 1 4 20148
4 -1 0 20171
1 -1 0 20176
0 1 2 20210
7 -1 4 20219
1 1 2 20320
5 -1 0 20376
0 1 1 20449
8 -1 0 20462
6 -1 2 20495
1 1 5 20501
0 1 3 20599
8 1 9 20632
1 1 7 20655
8 -1 0 20661
2 -1 0 20671
0 1 2 20673
6 -1 3 20674
0 1 7 20697
1 1 7 20724
6 -1 1 20730
4 -1 0 20737
0 1 4 20747
7 -1 4 20752
3 1 7 20766
4 1 5 20800
0 1 2 20813
0 1 3 20822
3 1 6 20856
5 -1 0 20860
6 -1 1 20866
0 1 9 20908
8 -1 0 20913
5 -1 0 20916
0 1 5 20948
4 1 5 21011
9 -1 8 21030
7 -1 0 21051
5 -1 0 21055
1 -1 0 21102
4 -1 0 21129
3 -1 1 21169
4 -1 1 21210
6 -1 0 21311
2 -1 0 21326
0 1 7 21380
4 1 6 21385
1 -1 0 21401
4 -1 0 21403
2 -1 0 21427
9 -1 8 21440
0 1 5 21512
7 -1 6 21514
2 -1 0 21519
9 -1 8 21554
6 -1 0 21638
2 -1 0 21654
4 -1 1 21665
0 1 1 21702
5 -1 0 21714
1 1 3 21744
5 1 6 21773
6 -1 1 21783
2 1 9 21786
9 -1 3 21818
9 -1 0 21843
8 -1 0 21914
1 -1 0 21924
0 1 4 21991
6 -1 0 22010
4 -1 3 22055
2 -1 0 22067
2 1 7 22089
3 -1 0 22099
6 -1 1 22108
0 1 5 22123
8 -1 0 22142
0 1 3 22360
2 -1 0 22361
0 1 2 22369
0 1 6 22370
0 1 9 22375
0 1 8 22389
7 1 8 22407
0 1 3 22436
0 1 6 22445
2 -1 0 22626
4 -1 0 22629
0 1 2 22654
0 1 2 22714
6 -1 1 22720
1 1 8 22748
8 -1 1 22749
0 1 6 22757
0 1 3 22763
5 -1 0 22768
4 1 7 22793
0 1 7 22812
1 1 3 22862
8 -1 2 22869
0 1 7 22880
0 1 7 22888
0 1 2 22902
2 1 9 22938
0 1 4 22944
0 1 5 22951
9 -1 6 22960
6 -1 3 22976
0 1 7 22980
0 1 7 22992
5 -1 2 22994
5 -1 2 23026
0 1 2 23042
0 1 7 23078
9 -1 6 23140
0 1 7 23154
1 1 8 23165
5 -1 1 23176
7 1 8 23199
0 1 6 23209
1 -1 0 23224
0 1 7 23239
0 1 7 23259
6 1 8 23288
2 -1 0 23345
0 1 2 23390
1 -1 0 23438
8 -1 0 23483
0 1 7 23487
0 1 1 23489
0 1 1 23500
7 -1 0 23582
0 1 7 23584
0 1 8 23599
0 1 5 23613
7 -1 5 23641
7 -1 0 23643
0 1 3 23721
8 -1 6 23784
0 1 5 23785
5 1 6 23813
0 1 5 23814
5 -1 0 23836
9 -1 6 23905
0 1 3 23937
8 -1 0 23943
9 -1 7 23946
9 -1 5 23958
5 -1 0 23976
0 1 1 24010
9 -1 0 24062
0 1 7 24113
3 -1 0 24123
0 1 4 24129
9 -1 3 24135
0 1 6 24171
2 -1 0 24183
0 1 6 24191
3 1 4 24234
0 1 7 24241
6 -1 0 24242
2 -1 0 24270
8 1 9 24282
4 -1 0 24285
7 -1 4 24302
7 -1 4 24308
5 -1 0 24313
7 -1 4 24358
0 1 4 24364
5 -1 0 24381
3 1 5 24394
0 1 9 24460
8 -1 1 24477
8 1 9 24479
0 1 2 24511
0 1 3 24528
6 -1 0 24533
0 1 4 24537
0 1 9 24559
7 -1 1 24567
9 -1 0 24588
4 -1 0 24668
0 1 5 24669
7 -1 4 24673
4 -1 0 24679
3 1 9 24688
8 -1 3 24718
8 -1 0 24727
8 -1 0 24734
8 -1 0 24738
1 1 5 24744
9 -1 5 24756
0 1 2 24764
0 1 9 24776
1 1 3 24817
1 1 7 24864
0 1 1 24869
0 1 8 24890
0 1 3 24904
0 1 1 24910
8 1 9 24922
4 -1 0 25006
8 -1 4 25011
6 -1 3 25118
0 1 5 25180
3 1 6 25191
0 1 1 25200
8 -1 0 25336
3 1 9 25379
1 1 6 25391
2 1 9 25416
8 1 9 25651
1 1 3 25861
8 -1 0 25893
4 1 9 25935
3 -1 0 25959
3 -1 0 26047
0 1 9 26117
0 1 2 26172
0 1 1 26173
2 -1 0 26259
4 1 9 26385
1 -1 0 26451
9 -1 5 26651
4 1 7 26872
2 1 4 27143
1 1 2 27180
0 1 1 27252
0 1 2 27350
7 -1 5 27436
1 1 4 27592
8 -1 6 27954
6 -1 4 28478
0 1 5 28548
4 -1 1 28552
1 -1 0 28699
0 1 1 28890
8 -1 0 29044
6 -1 0 29126
0 1 8 29160
0 1 8 29681
3 -1 2 29955
9 -1 3 30029
1 1 6 30060
0 1 5 30361
6 -1 2 30527
0 1 7 31020
0 1 5 31100
0 1 5 31144
2 1 3 31324
3 -1 0 31729
4 -1 1 32018
5 1 9 32035
7 -1 0 32058
0 1 4 32333
0 1 5 32473
9 -1 0 32523
1 -1 0 32551
0 1 4 32619
5 -1 0 32685
0 1 5 32689
9 -1 0 32752
8 -1 7 32846
7 -1 4 32847
3 -1 0 32855
3 -1 2 32860
0 1 4 32886
4 1 6 32888
5 -1 2 32922
8 -1 6 32982
0 1 2 33061
6 -1 0 33115
9 -1 5 33231
6 1 7 33349
8 -1 0 33378
4 1 7 33448
2 1 9 33451
1 -1 0 33560
0 1 3 33576
2 -1 0 33663
5 1 8 33764
2 1 5 33935
7 -1 3 33982
8 -1 0 33996
8 -1 0 34015
6 -1 0 34056
5 1 8 34115
0 1 3 34209
6 -1 0 34296
5 -1 2 34308
9 -1 0 34321
2 -1 0 34350
7 -1 6 34373
0 1 8 34400
5 -1 0 34412
1 -1 0 34503
4 -1 0 34504
0 1 4 34605
2 1 7 34610
4 1 8 34626
2 1 7 34627
0 1 2 34832
0 1 5 34903
0 1 7 34939
3 1 5 34940
7 -1 0 34973
6 -1 0 35097
8 -1 3 35104
0 1 3 35117
7 -1 0 35371
7 -1 5 35390
6 1 9 35422
9 -1 6 35475
1 -1 0 35580
0 1 9 35602
3 -1 0 35630
0 1 4 35652
0 1 3 35676
4 -1 2 35739
3 1 8 35781
1 -1 0 35792
7 -1 0 35859
3 -1 0 35890
2 1 5 35894
7 -1 0 36089
8 -1 0 36157
5 -1 0 36283
6 1 7 36322
8 -1 0 36336
7 -1 0 36411
0 1 4 36497
7 -1 0 36505
4 -1 0 36526
1 -1 0 36638
7 -1 0 36650
5 -1 0 36676
5 -1 0 36686
7 -1 0 36689
2 -1 0 36716
1 1 8 36742
6 -1 0 36807
1 -1 0 36901
0 1 7 36911
9 -1 5 36952
8 -1 0 36981
5 -1 0 36985
1 -1 0 37020
7 -1 0 37056
3 -1 0 37131
4 -1 0 37150
7 -1 0 37162
2 -1 0 37207
8 -1 5 37304
4 -1 0 37418
4 -1 0 37435
7 -1 0 37460
2 -1 0 37552
2 1 5 37577
6 -1 0 37732
8 -1 0 37812
8 -1 7 37814
6 -1 0 37909
1 1 5 38030
5 -1 0 38093
1 -1 0 38126
8 -1 0 38213
4 -1 0 38223
3 -1 0 38268
0 1 9 38306
4 -1 0 38307
9 -1 0 38347
7 -1 3 38470
9 -1 0 38480
5 -1 0 38497
8 -1 0 38543
9 -1 0 38604
4 1 9 38616
1 -1 0 38633
4 -1 0 38686
9 -1 0 38709
5 -1 3 38716
0 1 1 38718
9 -1 2 38774
8 -1 0 38800
4 1 7 38835
2 -1 0 38885
4 -1 0 38893
5 -1 0 38919
1 -1 0 38976
9 -1 0 39074
5 -1 0 39091
7 -1 0 39212
4 -1 0 39305
4 1 8 39321
0 1 4 39334
2 -1 0 39385
2 -1 0 39397
4 -1 0 39417
4 1 9 39454
4 -1 0 39504
7 -1 0 39547
6 -1 0 39549
4 -1 0 39558
5 1 9 39582
8 -1 0 39592
7 -1 0 39600
7 -1 0 39749
4 -1 0 39769
7 -1 0 39893
5 -1 3 39955
3 -1 0 40052
4 -1 0 40117
9 -1 0 40126
6 -1 0 40129
7 -1 0 40143
9 -1 0 40180
6 -1 5 40209
3 -1 0 40243
4 1 7 40364
9 -1 0 40405
9 -1 0 40414
4 -1 0 40419
7 1 8 40480
5 1 8 40502
0 1 5 40602
9 -1 0 40613
1 -1 0 40669
6 -1 0 40749
5 -1 0 40816
6 -1 0 40836
1 -1 0 40860
2 1 9 40955
1 -1 0 41055
5 -1 0 41155
5 -1 0 41168
4 -1 0 41272
7 -1 0 41316
8 -1 5 41480
1 -1 0 41536
7 -1 0 41537
4 -1 0 41656
3 -1 0 41707
7 1 9 41714
5 -1 4 41743
2 -1 0 41756
9 -1 7 41810
5 -1 0 41854
5 -1 0 41931
8 -1 3 42249
8 -1 0 42280
9 -1 0 42380
5 -1 0 42684
3 1 4 42848
2 -1 0 42902
4 1 9 42925
4 -1 0 42962
0 1 7 43065
6 -1 0 43141
8 -1 0 43151
7 -1 0 43189
1 1 4 43191
6 -1 0 43199
4 -1 0 43230
3 -1 0 43246
8 -1 5 43265
2 -1 0 43342
9 -1 0 43475
3 -1 0 43535
4 -1 0 43673
8 -1 0 43686
7 -1 0 43772
5 -1 0 43822
9 -1 0 43837
1 -1 0 43848
3 -1 0 43856
9 -1 0 43863
5 -1 0 43933
7 -1 0 44110
6 -1 0 44136
9 -1 0 44174
6 -1 0 44187
9 -1 0 44226
1 -1 0 44322
3 -1 0 44471
1 -1 0 44576
4 -1 0 44608
5 -1 0 44643
8 1 9 44677
2 -1 0 44746
9 -1 0 44775
1 1 7 44883
3 -1 0 44946
4 -1 0 44996
9 -1 4 45036
1 1 2 45077
3 -1 0 45175
8 -1 0 45196
7 -1 0 45531
1 -1 0 45675
4 -1 0 45796
1 -1 0 45900
2 -1 0 45918
3 1 6 45986
5 1 9 46009
9 -1 0 46142
5 1 9 46207
5 -1 0 46244
0 1 7 46261
8 -1 3 46269
9 -1 0 46276
4 -1 0 46292
4 -1 0 46370
5 -1 0 46491
5 -1 0 46505
9 -1 2 46678
5 -1 0 46718
8 -1 0 46727
6 -1 0 46765
9 -1 7 46799
7 -1 2 46959
6 -1 0 47077
7 -1 0 47121
5 -1 0 47592
3 -1 0 47763
2 1 4 47856
1 -1 0 47886
6 1 9 48131
4 -1 0 48320
9 -1 7 48323
9 -1 0 48459
9 -1 0 48768
2 -1 0 48790
2 1 3 48966
6 -1 0 49010
9 -1 0 49072
0 1 5 49183
3 -1 0 49487
5 -1 0 49590
3 -1 0 49725
4 -1 0 49814
6 -1 0 49882
1 -1 0 49903
2 -1 0 50079
8 -1 0 50133
6 -1 0 53506
