0 1 1 17
4 -1 1 95
0 1 6 148
0 1 7 231
0 1 1 238
1 1 2 266
0 1 2 305
0 1 7 361
0 1 8 368
0 1 9 396
1 1 5 663
0 1 6 710
0 1 4 753
0 1 6 822
0 1 1 837
0 1 2 900
0 1 2 963
0 1 9 1197
9 -1 3 1332
0 1 3 1358
0 1 9 1411
0 1 3 1439
9 -1 1 1489
2 -1 1 1523
4 -1 1 1533
0 1 2 1537
2 -1 0 1545
0 1 3 1552
9 -1 8 1705
6 -1 0 1722
0 1 5 1751
0 1 7 1802
0 1 1 1806
0 1 1 1893
2 1 6 1933
0 1 2 2128
3 1 8 2132
0 1 6 2145
0 1 9 2198
0 1 8 2210
9 -1 4 2404
0 1 1 2419
0 1 9 2421
1 1 9 2445
0 1 9 2475
0 1 7 2562
0 1 9 2569
0 1 9 2853
0 1 6 2876
0 1 3 2918
7 -1 0 3053
0 1 4 3057
0 1 8 3063
0 1 7 3084
0 1 8 3133
0 1 1 3165
0 1 8 3208
8 -1 5 3322
8 -1 3 3356
2 1 5 3422
0 1 3 3586
6 -1 1 3592
3 -1 0 3611
0 1 2 3622
0 1 7 3625
4 1 9 3661
0 1 5 3663
1 1 8 3807
0 1 3 3811
9 -1 7 3841
0 1 4 3890
0 1 6 3953
8 -1 6 4001
0 1 9 4068
0 1 1 4122
0 1 3 4129
0 1 2 4136
0 1 1 4161
0 1 6 4182
9 -1 2 4186
0 1 3 4195
0 1 2 4213
2 1 6 4257
0 1 4 4406
0 1 2 4418
0 1 8 4426
0 1 6 4443
0 1 2 4496
0 1 7 4538
0 1 3 4544
0 1 3 4550
0 1 8 4555
1 1 3 4569
0 1 9 4601
1 -1 0 4628
0 1 5 4643
0 1 4 4691
0 1 9 4697
0 1 3 4727
0 1 7 4758
0 1 4 4784
0 1 2 4819
9 -1 2 4830
0 1 3 4856
0 1 5 4863
4 1 8 4920
0 1 6 4925
0 1 7 4934
0 1 4 4943
0 1 3 4945
0 1 4 5006
0 1 3 5043
0 1 2 5073
0 1 7 5100
0 1 1 5103
9 -1 1 5108
0 1 5 5118
7 -1 4 5124
5 -1 4 5135
1 1 4 5141
0 1 1 5212
0 1 3 5246
0 1 7 5300
0 1 2 5343
0 1 4 5401
0 1 7 5430
0 1 4 5455
0 1 9 5495
0 1 9 5539
0 1 1 5623
0 1 7 5671
0 1 6 5798
0 1 4 5885
0 1 6 5901
0 1 8 5914
0 1 7 6017
0 1 5 6077
0 1 9 6124
0 1 8 6134
0 1 8 6164
2 1 4 6227
0 1 1 6240
9 -1 0 6374
0 1 9 6433
6 -1 5 6439
0 1 5 6441
2 -1 0 6492
0 1 5 6571
0 1 9 6579
0 1 5 6591
0 1 6 6593
6 -1 0 6599
0 1 9 6627
9 -1 0 6641
0 1 2 6680
0 1 8 6715
0 1 2 6733
0 1 8 6773
2 -1 0 6817
0 1 7 6841
0 1 2 6847
7 -1 4 6875
0 1 3 6876
0 1 2 6961
0 1 6 7005
0 1 7 7007
7 1 9 7102
0 1 3 7127
0 1 7 7132
0 1 8 7140
0 1 2 7180
0 1 2 7188
1 1 9 7189
0 1 5 7200
6 1 8 7200
9 -1 5 7221
0 1 6 7251
8 -1 6 7284
0 1 3 7338
6 -1 0 7341
0 1 8 7344
8 -1 2 7358
1 1 4 7381
4 -1 0 7402
0 1 4 7403
1 1 5 7423
2 -1 0 7501
0 1 2 7505
7 1 9 7519
5 -1 2 7602
0 1 5 7634
0 1 2 7685
1 1 6 7706
0 1 1 7768
0 1 4 7894
0 1 4 7956
0 1 6 8001
0 1 2 8109
4 1 7 8127
1 1 6 8132
0 1 4 8159
3 1 5 8203
2 -1 0 8354
4 -1 1 8369
1 1 2 8376
0 1 1 8378
1 1 5 8381
0 1 8 8451
5 -1 0 8542
0 1 6 8588
0 1 9 8720
0 1 5 8740
3 1 7 8795
0 1 5 8806
0 1 7 8878
6 -1 3 8889
7 -1 3 8968
0 1 8 8994
0 1 1 9059
0 1 8 9200
5 -1 0 9201
0 1 2 9431
0 1 9 9574
0 1 8 9676
2 1 3 9712
0 1 9 9722
0 1 6 9785
7 -1 0 9808
5 -1 3 9821
0 1 2 9831
0 1 2 9858
8 -1 0 9882
0 1 3 9923
0 1 5 9949
0 1 6 9970
0 1 6 9993
2 1 9 10059
1 1 9 10098
5 -1 1 10194
9 -1 5 10197
2 1 8 10217
7 -1 0 10225
0 1 8 10296
2 1 8 10403
0 1 8 10500
6 -1 3 10541
9 -1 5 10561
8 -1 5 10617
2 1 7 10743
0 1 4 10829
7 -1 0 10861
2 1 9 10970
0 1 1 11127
0 1 3 11308
7 -1 1 11325
7 -1 3 11748
4 -1 1 11807
1 -1 0 11835
0 1 5 12051
0 1 5 12343
5 -1 0 12458
3 -1 0 12486
6 -1 3 12547
0 1 2 12653
5 -1 0 12865
0 1 3 12878
1 1 7 12925
2 -1 0 13174
0 1 3 13337
5 1 9 13391
6 1 9 13443
0 1 8 13535
4 1 9 13554
0 1 3 13627
5 -1 2 13647
4 1 6 13671
8 -1 3 13694
0 1 9 13822
5 -1 0 13990
8 -1 2 14037
0 1 4 14253
4 -1 0 14329
4 1 9 14582
2 1 4 14924
2 1 4 15065
0 1 4 15515
3 -1 0 15715
1 -1 0 15779
5 -1 0 16022
8 -1 0 16024
0 1 3 16228
8 -1 1 16283
7 -1 0 16644
7 -1 3 16659
0 1 3 16769
8 -1 0 16898
0 1 3 17405
1 -1 0 17487
0 1 3 17603
0 1 8 17710
2 -1 1 17744
3 1 8 17823
0 1 8 18091
5 -1 0 18120
3 -1 0 18204
4 1 5 18207
1 1 9 18294
0 1 8 18347
6 1 8 18365
0 1 7 18384
1 1 5 18398
7 -1 2 18399
7 -1 0 18402
8 -1 0 18419
9 -1 3 18459
8 -1 5 18472
0 1 7 18476
7 -1 0 18500
2 -1 0 18528
2 -1 0 18547
0 1 4 18633
0 1 1 18650
0 1 8 18664
6 -1 0 18700
7 -1 0 18718
0 1 2 18719
7 -1 0 18741
5 -1 3 18786
3 -1 0 18814
0 1 2 18821
4 -1 0 18897
7 1 8 18916
7 1 9 18920
8 -1 0 18970
6 1 7 18979
0 1 7 19052
8 -1 5 19058
3 1 6 19086
5 -1 0 19112
5 -1 0 19147
6 -1 5 19156
9 -1 2 19159
0 1 3 19163
0 1 1 19164
9 -1 0 19235
2 -1 0 19247
6 -1 0 19281
9 -1 3 19318
0 1 9 19434
7 -1 2 19443
3 -1 0 19470
9 -1 0 19545
0 1 8 19547
8 -1 0 19635
2 1 6 19641
8 -1 0 19650
1 -1 0 19696
8 -1 0 19699
9 -1 1 19724
0 1 1 19887
0 1 9 19889
1 1 2 19957
4 1 6 19961
2 -1 0 19963
6 -1 0 20033
3 1 7 20050
0 1 8 20078
0 1 3 20081
0 1 7 20141
3 1 4 20158
7 -1 0 20183
9 -1 6 20200
0 1 8 20333
0 1 3 20397
6 1 7 20409
6 -1 1 20434
3 -1 0 20463
2 -1 1 20483
0 1 2 20525
2 1 8 20647
0 1 8 20673
4 -1 0 20677
0 1 1 20697
9 -1 6 20718
0 1 8 20722
1 -1 0 20759
2 1 3 20836
5 -1 0 20839
0 1 4 20875
3 1 5 20940
7 -1 6 20966
0 1 6 20972
4 1 8 21011
5 -1 0 21142
5 -1 0 21168
4 1 7 21210
6 1 9 21270
3 -1 0 21291
9 -1 7 21296
9 -1 8 21323
6 -1 0 21395
7 -1 0 21400
1 -1 0 21401
0 1 8 21405
3 -1 0 21458
2 -1 0 21462
5 -1 4 21466
4 -1 0 21512
0 1 2 21543
0 1 5 21578
8 -1 0 21590
9 -1 0 21674
4 -1 0 21676
0 1 4 21683
0 1 3 21697
0 1 7 21733
4 -1 0 21740
5 -1 2 21741
6 -1 1 21756
1 -1 0 21811
4 1 5 21839
8 -1 1 21884
0 1 1 21896
0 1 8 21907
0 1 2 21923
7 -1 2 21935
1 1 8 21959
0 1 5 21981
8 1 9 21988
4 1 7 21998
0 1 2 22020
0 1 6 22066
0 1 8 22071
0 1 2 22087
1 1 5 22118
2 1 3 22131
8 -1 3 22168
0 1 1 22195
1 1 2 22241
9 -1 0 22245
0 1 4 22278
8 -1 0 22307
2 -1 0 22318
4 -1 0 22343
0 1 1 22379
4 -1 0 22426
0 1 7 22437
2 1 4 22469
0 1 6 22498
5 1 8 22513
8 -1 0 22538
0 1 6 22596
2 1 5 22600
7 -1 5 22629
3 1 6 22663
0 1 3 22668
0 1 1 22674
6 -1 0 22678
0 1 7 22710
5 -1 0 22764
0 1 2 22791
0 1 7 22833
0 1 5 22953
0 1 3 22965
0 1 6 22997
1 -1 0 23024
8 -1 5 23065
0 1 6 23124
6 -1 0 23128
8 1 9 23132
0 1 3 23133
6 -1 0 23135
0 1 2 23136
8 -1 0 23172
2 -1 0 23186
7 1 8 23189
0 1 3 23195
2 -1 0 23197
8 -1 0 23202
0 1 2 23225
3 1 8 23226
1 1 6 23230
5 -1 4 23243
0 1 2 23257
7 -1 3 23270
0 1 2 23295
6 -1 4 23319
7 -1 4 23341
2 -1 0 23393
9 -1 0 23406
5 1 8 23443
3 -1 0 23444
0 1 6 23450
2 -1 0 23486
3 1 5 23508
9 -1 2 23554
0 1 5 23563
8 1 9 23585
7 -1 2 23623
1 -1 0 23628
0 1 6 23635
1 -1 0 23668
7 1 8 23685
6 -1 4 23708
8 -1 1 23715
0 1 9 23733
0 1 1 23755
0 1 8 23883
1 1 7 23919
9 -1 0 23931
3 -1 0 23956
7 -1 0 23958
0 1 4 23978
5 1 7 24065
0 1 1 24069
0 1 9 24076
0 1 5 24088
0 1 1 24127
7 -1 0 24128
8 -1 3 24181
0 1 5 24217
0 1 1 24270
0 1 2 24285
0 1 2 24297
2 -1 0 24301
6 -1 0 24304
0 1 7 24334
0 1 4 24361
2 1 5 24386
0 1 5 24408
2 -1 0 24461
3 1 5 24477
9 -1 8 24570
3 1 5 24603
1 -1 0 24607
0 1 3 24626
0 1 2 24629
3 1 7 24714
0 1 8 24727
0 1 1 24778
2 1 3 24795
2 1 6 24901
0 1 6 24922
0 1 1 24925
0 1 4 24983
6 -1 3 25012
0 1 6 25019
2 -1 0 25040
7 -1 0 25043
2 1 6 25057
0 1 9 25086
0 1 8 25108
0 1 2 25130
0 1 6 25287
5 -1 2 25580
5 -1 0 25687
1 -1 0 25850
7 1 9 26045
0 1 1 26212
4 -1 0 26750
0 1 5 26940
9 -1 3 27141
6 1 8 27143
3 1 7 27333
6 -1 0 27360
8 -1 0 27382
4 1 9 27490
0 1 4 27620
2 1 8 27666
0 1 6 27719
2 -1 0 28939
1 1 2 29030
2 -1 0 29053
5 -1 0 29164
3 -1 2 29559
1 -1 0 29598
0 1 2 29600
4 -1 0 29633
9 -1 5 29734
6 -1 1 29887
6 -1 0 29989
7 -1 4 30213
4 1 5 30488
0 1 7 30769
4 -1 0 30772
5 -1 0 30796
3 -1 0 30972
4 -1 0 31698
3 1 6 31752
4 1 7 31821
2 -1 0 31852
8 -1 0 32308
5 1 7 32399
7 -1 0 32414
9 -1 0 32529
4 -1 0 32543
3 -1 0 32599
1 1 5 32619
0 1 4 32687
3 1 8 32774
3 1 6 32905
0 1 9 32934
0 1 2 33002
0 1 8 33094
1 -1 0 33237
0 1 3 33331
6 -1 0 33377
3 1 6 33404
9 -1 5 33418
0 1 8 33431
0 1 1 33452
0 1 8 33623
4 -1 0 33625
6 1 7 33731
1 1 5 33965
0 1 7 33971
4 1 9 34018
8 -1 0 34103
0 1 5 34140
0 1 7 34183
3 1 4 34208
6 1 7 34320
6 -1 0 34429
3 -1 0 34457
9 -1 0 34503
7 -1 0 34565
3 1 6 34596
8 -1 0 34641
3 1 6 34645
5 1 7 34667
9 -1 0 34746
3 -1 0 34929
0 1 4 34965
7 -1 0 34981
4 -1 0 35125
7 -1 5 35152
6 -1 0 35216
1 1 5 35225
0 1 4 35298
5 -1 0 35329
8 -1 1 35511
3 1 7 35582
9 -1 0 35656
0 1 5 35734
3 -1 0 35762
0 1 4 35879
0 1 6 35947
8 -1 0 36010
1 -1 0 36025
6 -1 0 36041
6 -1 0 36056
8 -1 0 36077
5 -1 0 36135
5 -1 0 36153
1 1 4 36157
7 1 8 36170
1 1 2 36172
5 -1 0 36239
3 -1 0 36258
3 -1 0 36283
7 -1 0 36288
5 -1 0 36298
3 -1 0 36371
7 -1 0 36522
8 -1 0 36562
0 1 5 36572
9 -1 0 36778
7 -1 3 36816
3 -1 0 36830
6 -1 0 36837
4 1 5 36843
8 1 9 36849
8 -1 0 36973
3 -1 0 36991
7 -1 0 37024
3 -1 0 37251
9 -1 1 37295
2 -1 0 37356
3 -1 0 37405
5 -1 0 37465
0 1 8 37468
6 -1 1 37505
2 -1 0 37580
6 1 7 37614
5 -1 0 37657
9 -1 1 37672
0 1 4 37696
5 -1 0 37770
4 1 8 37857
2 -1 0 37894
9 -1 0 37918
5 -1 0 38018
9 -1 5 38021
2 -1 0 38102
6 -1 5 38132
4 -1 0 38207
6 1 9 38210
7 -1 0 38217
6 -1 4 38287
4 -1 0 38330
6 1 8 38372
3 -1 0 38393
7 -1 0 38435
1 1 4 38477
3 1 6 38554
3 -1 0 38670
9 -1 6 38671
4 1 8 38789
1 -1 0 38836
6 -1 0 38837
2 -1 0 38847
8 -1 0 38888
8 -1 0 38941
4 -1 0 39014
9 -1 1 39037
4 -1 0 39073
4 1 8 39142
2 -1 0 39215
0 1 4 39241
8 -1 0 39334
8 -1 0 39344
9 -1 0 39388
3 -1 0 39394
7 -1 0 39405
1 -1 0 39412
9 -1 0 39425
2 -1 0 39513
6 1 7 39522
2 -1 0 39554
1 -1 0 39556
0 1 2 39591
7 -1 0 39597
8 -1 0 39726
9 -1 0 39828
3 -1 0 39875
4 -1 1 39877
3 -1 0 39887
8 -1 1 40124
8 -1 5 40175
1 -1 0 40265
7 -1 3 40352
0 1 1 40408
6 -1 2 40483
5 -1 0 40520
0 1 4 40587
7 -1 0 40588
2 -1 1 40597
2 -1 0 40761
4 -1 0 40812
3 -1 0 40849
8 -1 0 40971
2 -1 0 41009
8 -1 0 41085
3 -1 0 41184
3 -1 0 41236
7 1 9 41274
4 -1 2 41438
8 -1 0 41457
4 -1 0 41460
2 -1 0 41593
4 -1 0 41669
9 -1 6 41695
3 -1 0 41856
8 -1 1 41879
6 -1 0 41903
3 -1 0 41971
4 -1 0 42008
8 -1 0 42044
4 1 8 42093
2 -1 0 42182
5 -1 0 42264
1 -1 0 42425
7 -1 0 42491
4 1 5 42518
7 -1 0 42548
4 -1 0 42701
5 -1 0 42746
1 -1 0 42791
4 -1 0 42950
1 -1 0 42973
1 -1 0 43022
7 1 8 43119
2 -1 0 43152
9 -1 0 43155
3 -1 0 43186
7 -1 0 43200
1 -1 0 43274
5 -1 0 43278
3 -1 0 43319
6 -1 0 43326
4 -1 0 43333
9 -1 0 43596
1 -1 0 43624
7 -1 5 43631
7 -1 0 43638
7 -1 0 43683
5 -1 0 43693
3 1 4 43709
6 -1 0 43810
8 -1 0 43850
3 -1 0 43913
1 -1 0 44004
6 -1 0 44026
3 -1 0 44108
7 -1 0 44136
5 -1 0 44208
2 -1 0 44227
1 -1 0 44229
8 -1 0 44249
2 -1 0 44302
4 1 6 44364
8 -1 0 44419
6 -1 0 44437
0 1 2 44567
6 -1 0 44623
2 -1 0 44670
5 -1 0 44678
6 -1 0 44812
8 -1 0 44877
3 -1 0 45043
8 -1 3 45076
9 -1 0 45106
8 -1 0 45126
4 -1 0 45165
7 -1 0 45215
5 -1 0 45226
9 -1 0 45257
2 1 9 45312
5 -1 0 45335
9 -1 0 45346
9 -1 1 45392
4 1 5 45415
2 -1 0 45420
6 -1 0 45433
7 -1 5 45434
4 1 8 45484
2 -1 0 45497
7 -1 0 45503
2 1 6 45540
1 -1 0 45548
1 1 6 45670
2 -1 0 45708
2 -1 0 45824
0 1 3 45828
8 -1 0 45829
8 -1 0 46077
4 -1 0 46094
1 -1 0 46096
5 -1 0 46147
4 -1 0 46160
1 1 3 46224
7 -1 0 46250
5 -1 0 46408
7 -1 0 46445
7 -1 0 46565
4 -1 0 46577
2 -1 0 46599
6 -1 0 46622
2 -1 0 46719
7 -1 0 46740
6 -1 0 46762
4 1 6 46842
6 -1 0 46928
3 -1 0 46931
6 -1 0 46940
2 -1 1 47218
6 -1 0 47263
5 -1 0 47291
9 -1 0 47404
1 -1 0 47700
6 -1 0 47838
5 -1 3 47985
9 -1 0 48197
7 -1 0 48533
1 -1 0 48754
0 1 6 48873
3 1 5 48994
6 -1 0 49195
4 1 9 49348
2 1 8 49361
2 -1 0 49456
3 -1 0 49805
3 -1 0 50085
8 -1 0 50152
8 -1 0 50351
3 -1 0 50547
4 -1 0 50851
5 -1 0 51634
5 -1 0 52036
8 -1 0 53877
