0 1 7 38
0 1 1 229
0 1 3 359
0 1 2 388
0 1 6 396
0 1 7 472
0 1 1 530
0 1 9 554
3 1 8 590
0 1 4 608
0 1 3 616
0 1 8 765
0 1 9 956
0 1 4 967
0 1 8 1106
0 1 9 1122
0 1 5 1154
4 -1 3 1218
0 1 1 1229
4 1 6 1253
0 1 8 1301
0 1 1 1305
0 1 6 1344
0 1 7 1401
0 1 5 1619
0 1 1 1628
0 1 8 1638
8 -1 0 1744
0 1 5 1836
4 1 9 1914
0 1 6 1939
9 -1 0 1950
5 1 7 1957
0 1 2 1985
0 1 1 2044
0 1 2 2112
0 1 2 2120
0 1 9 2214
9 -1 0 2344
3 1 7 2351
0 1 6 2394
0 1 7 2475
0 1 3 2477
0 1 5 2618
0 1 1 2629
0 1 9 2630
0 1 6 2675
0 1 4 2709
0 1 8 2750
0 1 3 3020
5 1 6 3054
0 1 8 3075
0 1 1 3123
0 1 8 3197
0 1 3 3244
0 1 8 3287
4 -1 1 3341
0 1 5 3384
0 1 7 3528
0 1 3 3560
0 1 2 3613
0 1 8 3630
0 1 6 3646
0 1 2 3680
2 1 9 3702
6 -1 0 3717
0 1 8 3721
0 1 5 3735
0 1 6 3752
0 1 3 3765
0 1 6 3792
9 -1 5 3811
0 1 9 3822
0 1 8 3851
0 1 1 3854
3 -1 2 3863
0 1 5 3928
0 1 8 3954
0 1 7 3988
0 1 7 4006
2 -1 0 4014
0 1 7 4040
0 1 1 4070
0 1 5 4084
0 1 6 4111
0 1 7 4127
0 1 9 4224
0 1 6 4244
0 1 9 4256
5 -1 4 4261
0 1 5 4274
0 1 7 4297
0 1 5 4304
0 1 5 4319
0 1 1 4343
0 1 8 4458
0 1 2 4478
2 1 8 4534
0 1 6 4541
0 1 5 4562
0 1 9 4577
9 -1 7 4592
0 1 2 4594
0 1 9 4596
0 1 4 4642
0 1 5 4655
0 1 2 4691
4 -1 0 4695
3 1 5 4832
0 1 9 4840
0 1 8 4871
0 1 5 4887
0 1 7 4908
6 -1 0 4924
0 1 8 5042
0 1 9 5101
0 1 1 5202
7 -1 0 5211
0 1 9 5215
0 1 6 5227
0 1 3 5234
2 -1 0 5261
0 1 4 5298
0 1 2 5320
0 1 9 5347
0 1 3 5409
3 1 7 5430
8 -1 0 5449
0 1 8 5468
0 1 5 5469
0 1 4 5503
0 1 3 5557
0 1 1 5566
4 1 9 5690
0 1 8 5707
0 1 6 5729
0 1 7 5748
0 1 3 5768
0 1 1 5860
3 -1 2 5896
0 1 1 5952
0 1 9 6004
0 1 4 6014
0 1 9 6068
0 1 4 6075
0 1 5 6100
1 1 4 6126
4 1 6 6195
0 1 4 6316
9 -1 3 6443
3 -1 0 6452
0 1 8 6511
6 -1 4 6552
9 -1 1 6632
0 1 3 6668
0 1 2 6675
0 1 7 6711
0 1 6 6820
0 1 7 6840
0 1 9 6919
7 -1 1 6925
0 1 7 6940
9 -1 2 6977
0 1 1 7024
8 1 9 7070
9 -1 6 7088
0 1 9 7108
2 1 8 7146
1 1 5 7159
4 1 8 7194
0 1 2 7303
0 1 8 7386
0 1 6 7446
0 1 2 7456
2 1 9 7535
6 -1 0 7578
0 1 8 7596
0 1 5 7692
0 1 6 7706
0 1 3 7753
0 1 6 7783
9 -1 5 7798
0 1 9 7808
0 1 8 7874
0 1 1 7961
3 -1 2 7971
0 1 5 7989
0 1 8 8070
0 1 7 8118
0 1 7 8155
2 -1 0 8179
0 1 7 8199
0 1 1 8292
0 1 5 8452
0 1 6 8458
0 1 7 8467
0 1 9 8490
0 1 6 8579
0 1 9 8612
5 -1 4 8692
0 1 5 8718
0 1 7 8754
0 1 5 8775
0 1 5 8873
0 1 1 8984
0 1 8 9030
0 1 2 9072
2 1 8 9097
0 1 6 9149
0 1 5 9165
0 1 9 9170
9 -1 7 9188
0 1 2 9198
0 1 9 9265
0 1 4 9346
0 1 5 9477
0 1 2 9514
4 -1 0 9539
3 1 5 9598
0 1 9 9613
0 1 8 9644
0 1 5 9729
0 1 7 9741
6 -1 0 9819
0 1 8 9863
0 1 9 9971
0 1 1 10036
7 -1 0 10107
0 1 9 10215
0 1 6 10243
0 1 3 10250
2 -1 0 10442
0 1 4 10452
0 1 2 10457
0 1 9 10466
0 1 3 10554
3 1 7 10569
8 -1 0 10587
0 1 8 10641
0 1 5 10763
0 1 2 10809
0 1 8 10921
0 1 6 10940
0 1 2 10958
2 1 9 11015
6 -1 0 11056
0 1 8 11084
0 1 5 11318
0 1 6 11388
0 1 3 11739
0 1 6 11854
9 -1 5 11887
0 1 9 12229
0 1 8 12231
0 1 1 12309
3 -1 2 12386
0 1 5 12420
0 1 8 12581
0 1 7 12875
0 1 7 13171
2 -1 0 13201
0 1 7 13214
0 1 1 13306
0 1 5 13476
0 1 6 13508
0 1 7 13609
0 1 9 13869
0 1 6 13989
0 1 9 14303
5 -1 4 14381
0 1 2 14673
0 1 8 14845
0 1 6 15291
0 1 2 15347
2 1 9 15444
6 -1 0 15502
0 1 8 15516
0 1 5 15788
0 1 6 15921
0 1 3 16099
0 1 6 16221
9 -1 5 16558
0 1 9 16672
0 1 8 16725
0 1 1 17018
3 -1 2 17062
0 1 5 17116
0 1 8 17247
0 1 7 17302
0 1 7 17901
0 1 2 18021
0 1 8 18023
0 1 6 18069
0 1 2 18097
2 1 9 18113
6 -1 0 18122
0 1 8 18162
0 1 5 18209
0 1 6 18215
0 1 3 18231
0 1 6 18278
9 -1 5 18301
0 1 9 18319
0 1 8 18327
0 1 1 18345
3 -1 2 18351
0 1 5 18353
0 1 8 18526
0 1 7 18539
0 1 7 18545
2 -1 0 18552
0 1 7 18553
0 1 1 18560
0 1 5 18709
0 1 6 18714
0 1 7 18799
0 1 9 18848
0 1 6 18848
0 1 9 18925
5 -1 4 18985
0 1 5 19014
0 1 7 19033
0 1 5 19042
0 1 5 19089
0 1 1 19139
0 1 8 19144
0 1 2 19172
2 1 8 19209
0 1 6 19215
0 1 5 19225
0 1 9 19229
9 -1 7 19242
0 1 2 19266
0 1 9 19292
0 1 4 19337
0 1 5 19397
0 1 2 19413
4 -1 0 19434
3 1 5 19452
0 1 9 19470
0 1 8 19544
0 1 5 19562
0 1 7 19612
6 -1 0 19636
0 1 8 19642
0 1 9 19645
0 1 1 19679
7 -1 0 19679
0 1 9 19698
0 1 6 19752
0 1 3 19783
2 -1 0 19799
0 1 4 19818
0 1 2 19829
0 1 9 19864
0 1 3 19936
3 1 7 19996
8 -1 0 20016
0 1 8 20033
0 1 5 20064
0 1 4 20094
0 1 3 20144
0 1 1 20260
4 1 9 20272
0 1 8 20277
0 1 6 20302
0 1 7 20319
0 1 3 20321
0 1 1 20330
3 -1 2 20338
0 1 1 20398
0 1 9 20421
0 1 4 20580
0 1 9 20584
0 1 4 20676
0 1 5 20678
1 1 4 20748
4 1 6 20760
0 1 4 20779
9 -1 3 20841
3 -1 0 20879
0 1 8 20911
6 -1 4 20917
9 -1 1 20925
0 1 3 20940
0 1 2 21019
0 1 7 21043
0 1 6 21049
0 1 7 21152
0 1 9 21169
7 -1 1 21245
0 1 7 21264
9 -1 2 21293
0 1 1 21307
8 1 9 21366
9 -1 6 21415
0 1 9 21459
2 1 8 21463
1 1 5 21481
4 1 8 21562
0 1 2 21659
0 1 8 21664
0 1 6 21668
0 1 2 21691
2 1 9 21702
6 -1 0 21711
0 1 8 21738
0 1 5 21740
0 1 6 21765
0 1 3 21769
0 1 6 21786
9 -1 5 21799
0 1 9 21825
0 1 8 21830
0 1 1 21835
3 -1 2 21843
0 1 5 21865
0 1 8 21876
0 1 7 21910
0 1 7 21923
2 -1 0 21946
0 1 7 22044
0 1 1 22057
0 1 5 22076
0 1 6 22098
0 1 7 22106
0 1 9 22108
0 1 6 22110
0 1 9 22125
5 -1 4 22131
0 1 5 22141
0 1 7 22153
0 1 5 22183
0 1 5 22188
0 1 1 22199
0 1 8 22203
0 1 2 22211
2 1 8 22221
0 1 6 22229
0 1 5 22237
0 1 9 22291
9 -1 7 22311
0 1 2 22410
0 1 9 22486
0 1 4 22492
0 1 5 22541
0 1 2 22547
4 -1 0 22570
3 1 5 22598
0 1 9 22614
0 1 8 22660
0 1 5 22676
0 1 7 22693
6 -1 0 22719
0 1 8 22791
0 1 9 22923
0 1 1 22977
7 -1 0 22994
0 1 9 22995
0 1 6 22996
0 1 3 23006
2 -1 0 23067
0 1 4 23076
0 1 2 23103
0 1 9 23110
0 1 3 23117
3 1 7 23120
8 -1 0 23158
0 1 8 23170
0 1 5 23203
0 1 4 23294
0 1 3 23307
0 1 1 23312
4 1 9 23355
0 1 8 23384
0 1 6 23423
0 1 7 23490
0 1 3 23518
0 1 1 23553
3 -1 2 23555
0 1 1 23567
0 1 9 23586
0 1 4 23609
0 1 9 23625
0 1 4 23628
0 1 5 23632
1 1 4 23657
4 1 6 23662
0 1 4 23666
9 -1 3 23704
3 -1 0 23744
0 1 8 23783
6 -1 4 23813
9 -1 1 23939
0 1 3 23948
0 1 2 23951
0 1 7 23987
0 1 6 24019
0 1 7 24025
0 1 9 24038
7 -1 1 24062
0 1 7 24069
9 -1 2 24090
0 1 1 24152
8 1 9 24174
9 -1 6 24192
0 1 9 24194
2 1 8 24270
1 1 5 24272
4 1 8 24360
6 1 8 24405
5 1 9 24406
0 1 5 24425
2 -1 1 24479
0 1 2 24526
0 1 6 24536
0 1 8 24539
4 -1 0 24543
8 -1 7 24566
0 1 1 24626
0 1 4 24650
8 -1 5 24662
0 1 5 24798
0 1 8 24802
3 -1 0 24838
0 1 5 24880
5 1 8 24888
0 1 8 24890
1 -1 0 24910
1 1 2 24914
0 1 6 24925
0 1 2 24937
0 1 7 24949
0 1 6 25012
2 1 5 25017
0 1 4 25021
1 -1 0 25051
6 1 8 25088
0 1 9 25143
0 1 1 25180
0 1 2 25350
0 1 8 25608
0 1 6 25663
0 1 2 25737
2 1 9 25813
6 -1 0 25816
0 1 8 25959
0 1 5 26067
0 1 6 26206
0 1 3 26301
0 1 6 26310
9 -1 5 26867
0 1 9 26887
0 1 8 26936
0 1 1 27296
3 -1 2 27341
0 1 5 27586
0 1 8 27712
0 1 7 27845
0 1 7 27922
2 -1 0 27957
0 1 7 27990
0 1 1 28232
0 1 5 28250
0 1 6 28317
0 1 7 28601
0 1 9 28613
0 1 6 28617
0 1 9 28766
5 -1 4 28775
0 1 2 28822
0 1 8 29039
0 1 6 29056
0 1 2 29135
2 1 9 30009
6 -1 0 30071
0 1 8 30151
0 1 5 30304
0 1 6 30579
0 1 3 30652
0 1 6 30708
9 -1 5 31096
0 1 9 31506
0 1 8 31652
0 1 1 31822
3 -1 2 31844
0 1 5 31921
0 1 8 32034
0 1 7 32166
0 1 7 32234
0 1 2 32410
0 1 8 32469
0 1 6 32526
0 1 2 32686
2 1 9 32733
6 -1 0 32834
0 1 8 32927
0 1 5 32972
0 1 6 32995
0 1 3 33011
0 1 6 33076
9 -1 5 33080
0 1 9 33195
0 1 8 33318
0 1 1 33388
3 -1 2 33414
0 1 5 33429
0 1 8 33529
0 1 7 33583
0 1 7 33730
2 -1 0 33738
0 1 7 33764
0 1 1 33879
0 1 5 33922
0 1 6 33966
0 1 7 33974
0 1 9 33978
0 1 6 34047
0 1 9 34145
5 -1 4 34164
0 1 5 34189
0 1 7 34201
0 1 5 34206
0 1 5 34227
0 1 1 34322
0 1 8 34353
0 1 2 34356
2 1 8 34537
0 1 6 34565
0 1 5 34592
0 1 9 34650
9 -1 7 34713
0 1 2 34821
0 1 9 34827
0 1 4 34859
0 1 5 34861
0 1 2 34968
4 -1 0 35128
3 1 5 35160
0 1 9 35250
0 1 8 35255
0 1 5 35258
0 1 7 35300
6 -1 0 35395
0 1 8 35442
0 1 9 35550
0 1 1 35689
7 -1 0 35726
0 1 9 35988
0 1 6 35999
0 1 2 36093
0 1 8 36177
0 1 6 36178
0 1 2 36295
2 1 9 36346
6 -1 0 36429
0 1 8 36459
0 1 5 36462
0 1 6 36477
0 1 3 36517
0 1 6 36651
9 -1 5 36762
0 1 9 36812
0 1 8 36814
0 1 1 36847
3 -1 2 36875
0 1 5 36892
0 1 8 37114
0 1 7 37152
0 1 7 37174
2 -1 0 37248
0 1 7 37260
0 1 1 37355
0 1 5 37390
0 1 6 37419
0 1 7 37448
0 1 9 37450
0 1 6 37472
0 1 9 37474
5 -1 4 37493
0 1 5 37503
0 1 7 37507
0 1 5 37516
0 1 5 37681
0 1 1 37715
0 1 8 37805
0 1 2 37831
2 1 8 37993
0 1 6 37996
0 1 5 38043
0 1 9 38127
9 -1 7 38206
0 1 2 38212
0 1 9 38235
0 1 4 38264
0 1 5 38269
0 1 2 38295
4 -1 0 38307
3 1 5 38322
0 1 9 38381
0 1 8 38408
0 1 5 38409
0 1 7 38438
6 -1 0 38470
0 1 8 38482
0 1 9 38499
0 1 1 38531
7 -1 0 38561
0 1 9 38632
0 1 6 38687
0 1 3 38712
2 -1 0 38796
0 1 4 38865
0 1 2 38888
0 1 9 38891
0 1 3 38976
3 1 7 38991
8 -1 0 39060
0 1 8 39067
0 1 5 39127
0 1 4 39150
0 1 3 39228
0 1 1 39248
4 1 9 39283
0 1 8 39287
0 1 6 39315
0 1 7 39332
0 1 3 39378
0 1 1 39487
3 -1 2 39501
0 1 2 39629
0 1 8 39632
0 1 6 39729
0 1 2 39732
2 1 9 39753
6 -1 0 39814
0 1 8 39859
0 1 5 39871
0 1 6 39933
0 1 3 39944
0 1 6 40002
9 -1 5 40024
0 1 9 40137
0 1 8 40137
0 1 1 40360
3 -1 2 40395
0 1 5 40409
0 1 8 40450
0 1 7 40470
0 1 7 40610
2 -1 0 40622
0 1 7 40673
0 1 1 40743
0 1 5 40805
0 1 6 40842
0 1 7 40983
0 1 9 41089
0 1 6 41136
0 1 9 41163
5 -1 4 41201
0 1 5 41364
0 1 7 41465
0 1 5 41489
0 1 5 41536
0 1 1 41548
0 1 8 41576
0 1 2 41748
2 1 8 41757
0 1 6 41770
0 1 5 41842
0 1 9 41887
9 -1 7 41948
0 1 2 41995
0 1 9 42190
0 1 4 42228
0 1 5 42245
0 1 2 42283
4 -1 0 42370
3 1 5 42395
0 1 9 42463
0 1 8 42528
0 1 5 42539
0 1 7 42586
6 -1 0 42644
0 1 8 42733
0 1 9 42864
0 1 1 42913
7 -1 0 43140
0 1 9 43156
0 1 6 43175
0 1 2 43275
0 1 8 43408
0 1 6 43444
0 1 2 43486
2 1 9 43584
6 -1 0 43596
0 1 8 43599
0 1 5 43604
0 1 6 43745
0 1 3 43811
0 1 6 43944
9 -1 5 43952
0 1 9 44013
0 1 8 44094
0 1 1 44153
3 -1 2 44280
0 1 5 44318
0 1 8 44358
0 1 7 44423
0 1 7 44435
2 -1 0 44510
0 1 7 44595
0 1 1 44621
0 1 5 44699
0 1 6 44739
0 1 7 44790
0 1 9 44820
0 1 6 44824
0 1 9 44896
5 -1 4 44956
0 1 5 44972
0 1 7 45166
0 1 5 45204
0 1 5 45221
0 1 1 45244
0 1 8 45306
0 1 2 45333
2 1 8 45367
0 1 6 45414
0 1 5 45421
0 1 9 45566
9 -1 7 45619
0 1 2 45631
0 1 9 45674
0 1 4 45764
0 1 5 45815
0 1 2 45916
4 -1 0 45926
3 1 5 46002
0 1 9 46045
0 1 8 46196
0 1 5 46223
0 1 7 46294
6 -1 0 46333
0 1 8 46513
0 1 9 46514
0 1 1 46515
7 -1 0 46575
0 1 9 46592
0 1 6 46617
0 1 2 46922
0 1 8 46993
0 1 6 46994
0 1 2 47138
2 1 9 47244
6 -1 0 47597
0 1 8 47674
0 1 5 47734
0 1 6 47988
0 1 3 48062
0 1 6 48091
9 -1 5 48315
0 1 9 48690
0 1 8 48789
0 1 1 49000
3 -1 2 49382
0 1 5 49499
0 1 8 49978
0 1 7 50294
0 1 7 50295
0 1 2 50480
0 1 8 52128
0 1 6 52973
0 1 2 53318
2 1 9 53770
